100
0,0  1,2  2,4  3,5  4,5.5  5,5.8  6,6  7,5.8  8,5.5  9,5  10,4
11,2  12,0  11,-2  10,-4  9,-5  8,-5.5  7,-5.8  6,-6  5,-5.8  4,-5.5
3,-5  2,-4  1,-2  5,0  5,1  5,2  5,3  5,4  5,-1  5,-2  5,-3  5,-4
4,0  6,0  3,1  7,1  2,2  8,2  1,3  9,3  0,4  10,4.5  11,1  11,-1
10,-4.5  0,-4  1,-3  2,-2  3,-1  4,-0.5  6,-0.5  7,-1  8,-2  9,-3
10,-2.5  9,-1  8,0  7,0.5  6,1  4,1  3,2  2,3  1,4  1,-1  2,-1
3,-2  4,-3  6,-3  7,-2  8,-1  9,0  10,1  10,2  9,1.5  8,1  7,1.5
6,2  4,2  3,3  2,3.5  1,2.5  0,2  0,-2  1,-1.5  2,-0.5  3,0  4,0.5
6,0.5  7,0  8,-0.5  9,-1.5  10,-2  10,-3  9,-2.5  8,-1.8  7,-1
6,-1  5,-0.5  5,0.5